[proj3.jpg]
filters=crop64=1,1890000ffffff50;crop64=1,1890000fdb1fd42;
crop=rect64(1890000fdb1fd42)
moddate=000049eaf6cf0000
width=667
height=374
textactive=0
[medium2.jpg]
filters=finetune2=1,0.473684,0.000000,0.000000,00000000,0.000000;finetune2=1,0.000000,0.000000,0.193684,00000000,0.000000;finetune2=1,0.000000,0.000000,0.126316,00000000,0.000000;finetune2=1,0.836257,0.000000,0.000000,00000000,0.000000;finetune2=1,0.000000,0.000000,0.000000,00000000,1.000000;finetune2=1,0.520468,0.000000,0.000000,00000000,0.000000;
moddate=00008830f7cf0000
width=1600
height=883
textactive=0
